,region,townsize,gender,agecat,ed,edcat,jobcat,union,employ,empcat,retire,lninc,inccat,debtinc,lncreddebt,lnothdebt,default,jobsat,marital,spoused,spousedcat,reside,pets_cats,pets_dogs,pets_birds,pets_reptiles,pets_small,pets_saltfish,pets_freshfish,homeown,hometype,address,addresscat,cars,carown,cartype,carvalue,carcatvalue,carbought,carbuy,commutecat,commutetime,commutecar,commutemotorcycle,commutecarpool,commutebus,commuterail,commutepublic,commutebike,commutewalk,commutenonmotor,telecommute,reason,polparty,polcontrib,card,cardtype,cardbenefit,cardfee,cardtenure,cardtenurecat,card2,card2type,card2benefit,card2fee,card2tenure,card2tenurecat,active,bfast,tenure,churn,lnlongmon,lnlongten,tollfree,lntollmon,lntollten,equip,lnequipmon,lnequipten,callcard,lncardmon,lncardten,wireless,lnwiremon,lnwireten,multline,voice,pager,internet,callwait,forward,confer,ebill,owntv,hourstv,ownvcr,owndvd,owncd,ownpda,ownpc,ownipod,owngame,ownfax,news,response_01,response_02,response_03,ln_TotalSpent
region,1.0,0.41373730124299385,-0.01280973557078698,-0.01845528516484712,0.013173254904470936,0.01570965371058426,-0.004717454831713668,-0.013767673567528197,-0.011035782482832508,-0.009345220315522467,-0.04284887170144493,0.04299451599981666,0.041849787711753496,-0.005480385620319838,0.008176733662032552,0.03214516772805848,-0.006856350187853376,0.01563092951602437,0.056497902241694486,0.052841848684416895,0.05029896007057601,0.04820295321490291,-0.020350530181455665,0.022667313600843664,0.0026268400291234316,-0.010965304394596411,0.02429035850312893,0.02207630099474126,-0.020725557215285614,0.04561954931952444,0.017051802071953694,-0.004866634297338883,-0.0008424961235387485,0.01701181413820941,0.01665234730248471,0.008766252826654634,0.04026387978680391,0.03100436386612797,0.00980601332615337,-0.009820593026937852,0.050646709323668285,0.1888211704810712,-0.011979247969100949,0.011721638620154715,-0.017045380485383062,0.05161124816420995,0.055817724157263444,0.062416052264682005,0.10100696145051959,0.09931720113783864,0.12694190242534498,-0.023518503868881855,-0.006292324124091834,-0.010910510252094262,0.008363464544588478,0.0026124114850132256,0.012007209903027536,-0.014424642681863614,-0.028101091581225736,-0.0006038401530690314,0.004211725037362495,0.003786411279482318,-0.007267279250074594,0.008974083538118226,0.0031340221768164714,0.00216630521135222,0.0033012472954277016,0.0021822886203795616,0.011803454696428925,0.005007656375455059,-0.002514595808404543,0.018198306843321733,0.01108080415771689,0.013429109814927334,0.014396772797089513,0.013195366636615543,0.023630901153935423,0.025806937451791842,0.023975750055107256,0.02433569099908717,0.021972891979848756,0.022843844991287665,0.0314534732104126,0.032403725203836706,0.028534864396201752,0.021834861765981768,0.02292289061529944,0.018777936028457887,0.019668277079025017,0.019332231792321127,0.02608453205274332,0.028630064216082458,0.009907836814210922,0.03277829642433193,0.007721453760656233,0.02206062303825099,0.01131912358544654,0.04858873721619382,0.04022848898001522,0.020596103095384777,0.00750375526467471,0.02639122370644938,0.03662222783076409,0.012312041341883712,-0.01300439602693533,0.0058986728043478424,0.005694326401008566,0.03727280597238797
townsize,0.41373730124299385,1.0,0.008734384402805216,-0.06945793319615322,0.0019643899999705157,0.0031668899518433507,-0.0116065825651458,-0.019476904353608986,-0.05945244731959108,-0.058926072371339275,-0.06656910575887613,0.0013105423508267449,-0.007650919811960174,-0.019804545903764834,-0.029348999904097398,-0.0032958714029307887,0.02398840154894148,-0.03173089483849633,0.02986796666700692,0.026147042710394832,0.02328721682606256,0.04577485512202511,-0.01985227255775997,0.03111835808721657,-0.013839968780312425,0.012153161155118736,0.0024176549112286103,0.02302833865014259,-0.007224660368163411,0.023470733099080637,-0.0024412185269986663,-0.04255564707066636,-0.04368337024359609,0.004601916216531603,0.016134152358246574,-0.00916326058547144,0.002863007062643317,0.0019410433913013554,0.0020139596532907553,0.008876738250538977,0.12933438418748375,0.4870733788178926,-0.030826386900572763,-0.0046300141557448484,-0.016244207418025222,0.13076087537835723,0.11649613094380235,0.10054986587524448,0.1869735079236392,0.26125072260690263,0.29752390265644,-0.0211814864742546,-0.0038798486398152186,-0.015177794452059317,-0.01610626933266138,0.025274087850995403,-0.0005662653223365592,0.0007028415102622879,-0.007223441212456345,-0.041432268429808086,-0.03301186190337213,0.008009906763794003,0.0017724534336155371,0.02231949986888236,-0.028496512078320893,-0.039401173581484344,-0.032022452141480924,0.021965592837504055,0.009625320506097837,-0.029220667963867682,0.00040973070054451245,-0.015167838627488349,-0.0203817806895403,0.0006222303384040323,-0.005197498603998728,-0.005764031438885496,-0.006591824766236351,-0.004471577520261994,-0.0076442854954358866,-0.02434417009601578,-0.02283251944883947,-0.02788397896983093,0.007509914485233864,0.006140444936446987,0.002664957297137765,0.004571715083011998,-0.007197816486438472,-0.004504592984140767,0.002628797480139841,-0.011352107009062973,0.0028233899509477155,0.0028017131668562094,-0.008546003001364752,0.02638412166316391,0.000733029459113698,-0.004752783521180746,0.016187501196514215,0.020474843844562336,0.022169747193783847,0.0028687227231113635,0.005294361823327882,0.007850429132361494,-0.001266993791213398,-0.027939616070737586,-0.00599312181450949,-0.009738228784518035,-0.006940262122805419,0.009557001792859425
gender,-0.01280973557078698,0.008734384402805216,1.0,-0.007427183970713942,-0.0006430394574494421,-0.002672860872709925,-0.016470317789787636,0.00031085789258203535,-0.010945518269883842,-0.013842468242547468,-0.021039891951677023,0.001972915420741266,-0.00214873913123114,0.005308668217170174,0.005316262526259259,-0.0018167548695644895,-0.001620451957323412,0.0017819121977811984,0.0038882706176081193,0.002013271413370898,-0.0019178421432887829,0.0319494507517609,0.014868702078519945,-0.012092314196059366,0.025103187449716076,0.00613898236893124,0.008747399948488398,0.002267331124326443,0.023060886832580854,0.006350971910098897,0.0032001248082401037,-0.014109258290683878,-0.006029911678893558,0.014120372178123527,0.009135270484579669,0.013085756026875886,-0.007475380443101278,-0.0024082281013588784,0.005596929317453519,0.011661577203949449,-0.01176384374534002,0.009592254963971534,0.031083304410783552,-0.0017754467172351874,0.00324369165333787,-0.028759950032498337,0.0022919065312727157,-0.007104054017990956,0.013717527236574881,0.01940507440978124,0.005030103461682688,-0.006535926920568081,-0.014943963573984352,0.004640389680021984,-0.015293529694547059,0.048497567702745874,-0.023830302737962255,0.025206661196465825,0.018446412543529175,-0.020110893458539794,-0.006376889082090158,0.030362494726068535,0.01868579096432926,0.006584014751461114,0.006799331384567836,-0.013578002140876965,-0.008150102900163192,0.021339546044192484,0.015647256568715847,-0.009456473579435801,-0.013391432152145109,-0.021084826477493705,-0.010829141050769828,-0.010861862353655835,-0.013432771707358307,-0.011018609785092743,0.011701769077373927,0.009980734523347667,0.008328590454635394,-0.012769002569578483,-0.017344898682863673,-0.01632282309851196,-0.006170111687948815,-0.008597698218400077,-0.00599706363144943,-0.01983881383049967,-0.006052965959966811,-0.011541063859710883,-0.012860678571756462,-0.02492023471948803,-0.017734453442486444,-0.018901995467581343,0.02033532188797184,-0.000600304721067945,-0.00465521686946823,-0.0035697589115906542,0.012180538774173686,-0.002860503032320821,-0.0011159420271370786,-0.006962566283829168,-0.021319487443966147,0.0011643899517470469,0.009167199276695069,-0.020837290431122535,0.018057963940395,0.0013849308050523268,-0.00968506975214183,-0.07835127035698722
agecat,-0.01845528516484712,-0.06945793319615322,-0.007427183970713942,1.0,-0.0790214355191946,-0.06412362451684873,0.032554396431782116,0.004465367353396232,0.6767222412981135,0.7322463655956407,0.5113347421284692,0.19095158648829413,0.24939350353975223,0.04133935202606052,0.1362162621856148,0.15837301605687404,-0.39285866657502644,0.4225640022594802,0.004784605171086607,0.00047997299680455443,0.000823723220110176,-0.32922059942281273,0.021222870140823913,0.013146746255327968,-0.011076903587472079,0.013893801291554179,0.004075747168244577,-0.0011850059845155466,0.021683113659014167,-0.01479273272143235,-0.02718732924099975,0.7990256577538201,0.8290987796032492,-0.004668580840556352,-0.07091004241184547,0.012551431970908638,0.20046157624440344,0.16058460198932117,0.009064882372676705,0.016535621031369185,-0.0019715513198070075,-0.05389809600566053,-0.005475325476601577,-0.003276014230781749,0.028330575411529196,-0.003349829488157723,0.014767993762577456,-0.0015126464504527305,-0.01270395932795233,-0.01076573740634129,-0.012206582913939763,0.01272347302870294,-0.019324802358857005,-0.019001438708783434,0.016982917910678248,0.009448098896220957,-0.0015521071031192246,0.00999704040781716,0.005603813472454058,0.7179918506587396,0.6880273730154608,-0.010372446721836622,0.03644910976090377,-0.016360891238844565,-0.000202480398460674,0.6798861366943441,0.6685724879014644,-0.23786438939590948,0.11719266878133339,0.5964838935373757,-0.2563243388513666,0.5007014139938145,0.5579228308482697,0.004019173665866313,0.04165734277687392,0.09260090542072963,-0.1350743784404155,-0.1247866172052905,-0.07459700888353643,0.27690324101195174,0.30817622688004287,0.39904206877679255,-0.06685840967267771,-0.05065036797952941,-0.013879522507314458,0.2323166049685996,-0.06610656696279112,-0.05905114472102814,-0.118885041383408,0.008282683335923158,0.005250138740955066,0.012626107235692173,-0.11488880079266019,-0.059941709253173846,-0.0197395689005351,0.1263226607848628,0.12084796159015321,0.07888828999459925,-0.05948969297056547,-0.12319195492598073,-0.20868953188143952,-0.22338683001819262,-0.029309521220075962,0.34827479329883426,0.010039028136696266,0.010467453621367851,-0.014860222967633317,0.025910116951739493
ed,0.013173254904470936,0.0019643899999705157,-0.0006430394574494421,-0.0790214355191946,1.0,0.9638959094116821,-0.07229723905786377,0.000594226339222824,-0.21537355841707093,-0.1978842531280401,-0.09327781707149234,0.208097899902832,0.19675114615293737,0.01163336663018073,0.1299518962196627,0.1542468718458499,0.11014124911604795,-0.08012027422060261,-0.021443963747708704,0.1175633698739811,0.1702774929293818,0.02323020242853209,0.010228574235300701,0.028155076221564497,0.008050939705494127,-0.001301414245681641,0.00813129887693122,0.004736844903473451,0.02223350358956527,0.05120647575345459,0.018777264806610693,-0.05645334670207426,-0.033369984395881964,0.004356236747381565,0.039807277649676856,0.014746098224636418,0.15843266720211344,0.10570732426796443,-0.000501954353628372,-0.0031877583833964684,0.010422318965250938,-0.010247190153002713,0.001895334556547176,0.0010931210487798602,-0.011638663129543928,0.008032882319062561,0.001019093993804816,0.043161261730205146,0.025387516350237564,0.003633174427810492,0.005574711465197728,-0.0020938801541973136,0.0033604508977128386,0.0018196966340958516,0.017417556084232098,-0.02089291211475099,-0.017361492982859668,-0.015565959289664259,-0.021656334973384553,-0.09444925081731387,-0.04740716143425471,-0.09240356964267796,-0.02170770525895727,-0.01243122937092635,-0.0211369502913342,-0.09737514479898693,-0.06081147543208837,0.01574135950182574,0.009694397694489522,-0.09517007900076385,0.23924579303343466,-0.09006884842277973,-0.07948320524110383,0.028533048021411225,0.026273083159603115,0.020447885005270845,0.4358475035890139,0.4446951351872225,0.4341679631416605,-0.048743608714235526,-0.050235666615632835,-0.061795958953649546,0.3301819302892852,0.34143240512889544,0.3302618538764639,0.26098509439996725,0.3342011258805826,0.3155097550069456,0.4634435144678478,0.045580351825152125,0.038577619129270706,0.04420704240446903,0.42786474025988863,0.027896292185370875,-0.009503169325876583,0.06450525192520666,0.06218149279224393,0.05318943924395709,0.2998708446875252,0.43503435030280174,0.3692557414083484,0.3762353598672816,0.2767495542197729,-0.07364362062561543,-0.11760632418611554,0.07320706296870391,0.10717066447017361,0.09750568735353174
edcat,0.01570965371058426,0.0031668899518433507,-0.002672860872709925,-0.06412362451684873,0.9638959094116821,1.0,-0.06900235035563318,-0.0032401482558977895,-0.20041945863676,-0.1856724116816691,-0.08932152755025581,0.20808457321159385,0.19724994480520416,0.009446864177995782,0.1279163614780826,0.15494699095683886,0.10371432949784791,-0.06566661518104809,-0.02229250996185853,0.11113651906812778,0.16474580665243474,0.014514467069266538,0.013167176539046348,0.030387412920723274,0.013713802098744536,0.0005999857412707135,0.003756801273901577,0.006829194108643378,0.01829401263807823,0.05453523999940147,0.021945332660589557,-0.04398366970109366,-0.02050078432609925,-0.0016181836853349247,0.033752174466204425,0.011866395539019062,0.15723426292310505,0.10528601440800497,0.0031004709712626364,-0.006172582503247643,0.009359320382311109,-0.014800674640197853,0.0009051429291746522,0.0039516067962117015,-0.014191335530755671,0.0066688358820281984,0.0016066281634195315,0.03902760408062028,0.023275529815704386,0.00693525044502601,0.001250166663929562,-0.0028221761956941983,-0.0010801775855218305,0.005266097633662497,0.013936729874110982,-0.015564115253608343,-0.012327348033350817,-0.011449792428734274,-0.02051157286694761,-0.08213071142952003,-0.03367983229245448,-0.09270839942724175,-0.023377153829551772,-0.011412792411161504,-0.01184550992532764,-0.08558169532948488,-0.04840594082649994,0.009675610621222078,0.012956532039015697,-0.08674719481528598,0.2312728796896311,-0.08417980225704193,-0.07203976976275074,0.03205622877319384,0.029788370102813704,0.025029315362911288,0.42972477870001036,0.43859153857668937,0.42855740445572627,-0.046291180406846794,-0.04706072287227284,-0.05742260008115396,0.3220057510895197,0.3337485779479614,0.3226875556087168,0.25261510512042573,0.3275545515045937,0.3112928876731727,0.45132626025980566,0.04710593944935068,0.03607287410495418,0.04656804820753741,0.41626945021895206,0.030799288579591598,-0.008986733417752824,0.06982142623885874,0.06656944353263751,0.05656300685435941,0.29312545473795526,0.4146193557263217,0.3574810397546767,0.3611908182010901,0.2736457712798073,-0.06842010397936456,-0.11265272038787337,0.07017215915477958,0.10622336859243701,0.0940926333915294
jobcat,-0.004717454831713668,-0.0116065825651458,-0.016470317789787636,0.032554396431782116,-0.07229723905786377,-0.06900235035563318,1.0,0.08477773724335763,0.41647156971137084,0.3467227260637414,0.1737358252946339,0.05485240916484224,0.06755492610019755,0.005491778724709536,0.030806645520653965,0.030164528451432946,-0.08602224348125799,0.17170268847982503,0.003116214583175286,-0.0033977427837528105,-0.007822766776116818,-0.015511774105750121,-0.020794297511262605,-0.0010111934384635236,0.0008045220045843769,0.007321441083139687,0.003773202731668514,-0.012600803620061232,0.01921849488501041,0.028167310137192113,-0.022920499132203634,0.04844063953806919,0.04135012368802791,0.017468206835451718,0.001892997523134689,0.010942308068279435,0.09490732508407886,0.05517308696290749,-0.0033719250945142554,-0.006662725327767736,-0.021748520339583594,-0.006661582273510421,0.025452244045061426,0.0022050939319620774,-0.010879734544979562,-0.006605338078458721,-0.002732033270964672,-0.027458384146337625,-0.01311481348584755,-0.016240757950110797,0.01186884373638082,-0.001659030486879604,0.015027574457338806,-0.017910817344067163,0.0015294405907942885,-0.020424065544171855,0.01221063624087023,-0.03130254074340811,-0.010978920445094839,0.1485281404302333,0.10294731152542444,0.02012415136722747,-0.005357683799453854,-0.013699571285296612,0.029617447030307654,0.15940634443061327,0.1168265720974068,-0.028845525992238264,0.028366708018136916,0.150106510679506,-0.06221073066801671,0.15918543834462054,0.14509878093126263,0.013099740410393083,0.02665098290859455,0.038226112892490983,-0.04680932929604016,-0.044283800406424406,-0.03196448844113948,0.09400186149787264,0.10899337247903886,0.12490968173523466,-0.015514928552958602,-0.01205064452907739,-0.0037055411630030483,0.08027876443843647,-0.029174744286687853,-0.025179549070989047,-0.03965328581107585,0.030651895422535137,0.019355159363718937,0.004103123671313948,-0.04253979697387248,0.0035506068776861464,-0.030834552563164655,0.025123582514733695,0.011965734242657428,0.022038144770403813,-0.009352225881295723,-0.03792944252226094,-0.026887992055816524,-0.05027830048014504,0.008409086642382787,0.09086051597615574,0.00013705351678807264,0.002887842972127801,-0.00841528416335608,-0.009458365936167492
union,-0.013767673567528197,-0.019476904353608986,0.00031085789258203535,0.004465367353396232,0.000594226339222824,-0.0032401482558977895,0.08477773724335763,1.0,0.03484607536465379,0.028027940817487444,0.016391578185363843,0.008125876761163747,0.013028145381767678,-0.004069436774682169,0.010123797228027056,-0.0065267751626159895,-0.017210116796324615,-0.007664024475190081,-0.004504603236598992,-0.00232727131299757,-0.0020413770260804594,0.0047166858617984095,-0.021601131839696527,-0.007472487649966975,-0.00956008175850133,0.027364218264563766,0.0023189424229113427,-0.020487680656734487,0.03402260990050182,0.0023380329239252855,-0.0073120208727848884,0.0018818626752205379,0.0018476000891966059,0.0035300312445977872,-0.001618485052464208,-0.002496166754927129,0.005014096030940046,-0.0058794487154299555,-0.030318062353667713,0.008234285808954656,-0.0030557889478442317,-0.003554773739667604,-0.005170704232564426,0.021037691504477592,-0.0031131002359262683,-0.006748217435580088,-0.01575796701407889,0.0035682231964256892,-0.0038878046658894264,-0.017395261968863526,-0.005119540907176225,-0.003040647663683552,-0.006939178829584782,0.006507217080820537,0.010179664905910846,-0.025885832368563347,0.009338848852388702,0.005804658408063483,0.0064224284219206295,0.01519809813794038,0.00893181922633774,0.0040698646251116286,-0.01654178577502157,-0.016842940419978327,0.004976068543164651,0.015807890453325726,0.007787118357961022,0.007502773458445351,0.007873981340102804,0.003601310533609939,0.008448820852362671,0.01744218312426887,0.015520228549898924,0.015031598827906435,0.01797440798924888,0.018511413778302985,0.013374815817337805,0.014044248921351865,0.014120706095369537,0.019259129259997704,0.018541915118854665,0.018383519988577877,0.03121376540865836,0.030922089907127522,0.03033907303967794,0.03659902023036659,0.03393249116622862,0.034905481555602746,0.004662262722265871,0.0143895020133505,0.0175056309958304,0.017470959670491004,0.0040517166739202975,-0.004957835160100253,-0.009686754556174477,0.005636076392702999,0.012555199394975495,0.006250670326297047,0.019564592968862878,0.006489376437016662,-0.005895171608928878,0.006765115379985228,0.02451630658002746,0.007508301495302348,-0.010491623272990998,0.006430579889827601,0.004478954400623966,0.022655436676989174
employ,-0.011035782482832508,-0.05945244731959108,-0.010945518269883842,0.6767222412981135,-0.21537355841707093,-0.20041945863676,0.41647156971137084,0.03484607536465379,1.0,0.8981623306282392,0.5028698823823943,0.2664712701924192,0.31287122586261307,0.03319217104543059,0.17345881311122838,0.19492781742372267,-0.3270871289259349,0.46136183030426076,-0.007134228450683955,-0.030436950081237292,-0.03626063824310627,-0.24291019657061919,0.008094346822693799,0.0042512634715487045,-0.012746233829400206,-0.00665631208207725,0.007384423327816666,-0.012844862502114885,0.026304590004840596,0.02140023136680337,-0.04150274182081276,0.6064404681529093,0.5952248472560281,-0.0009622790058316728,-0.0390333659668296,0.002390204403531274,0.2896093442433032,0.19588118234692645,0.006062822264608798,0.014208349521560686,-0.0035227728638041436,-0.031677435840628536,-0.0007386608736338283,0.003421769459827193,0.027343750267408633,0.007871576939922605,0.003707072099659895,-0.02103577463956566,-0.02803003688520472,-0.012886953158265123,-0.0012566063767950003,0.015025098669187126,-0.0048135167373462295,-0.022048225138221158,0.024140007720207038,0.00010002325309234378,0.004787985675610439,-0.0021280885733216356,0.012940013453234644,0.6775235054597313,0.5552180224632055,0.000560994373060599,0.026430062535838038,-0.0037720788132268746,0.022823835826061328,0.6548753926525318,0.5763194773554163,-0.16797803927009988,0.09224573046279849,0.5854785960382173,-0.25411304186027694,0.5312009112817664,0.5383737924108738,0.022942137576699977,0.0657133482594282,0.10926544129367008,-0.17386237831602105,-0.16382425504781706,-0.12322831454946738,0.29068320345188986,0.3334647319621198,0.4094957599351792,-0.08094487780996759,-0.06543964296922444,-0.033408593447923164,0.22162355693330965,-0.08064348421901578,-0.0870127201186088,-0.15477082392072608,0.03675878086333963,0.029283216926192995,0.028524916835133918,-0.15181661030613464,0.016139468611374632,-0.00041774616275269775,0.12683232578484133,0.12441327654254634,0.10687422370674178,-0.07040794169241119,-0.16133652368742535,-0.19810992296207786,-0.21839899149614417,-0.040181448754449574,0.3671606665291742,0.04009558683903281,0.014430264865687598,-0.028479955160068796,0.06662481126369069
empcat,-0.009345220315522467,-0.058926072371339275,-0.013842468242547468,0.7322463655956407,-0.1978842531280401,-0.1856724116816691,0.3467227260637414,0.028027940817487444,0.8981623306282392,1.0,0.40809593651380516,0.333456239300409,0.3848032133390824,0.031172404186303716,0.20905636353934376,0.2389207053323221,-0.3779851412017135,0.5136732415916394,0.0016053284298061987,-0.020121697806392554,-0.02471991088942355,-0.2563615376515937,0.013853522678392198,0.009205159848516614,-0.0094121739690969,-0.0056037419668206355,0.009345830890469798,-0.008881102743020135,0.02840709167253991,0.021710210644870193,-0.039946024447596554,0.6371678452226104,0.6641108105365148,0.00863390892678714,-0.018673961947748556,0.012012716700278685,0.3328400853478092,0.24596616199944604,0.017507660753555566,0.017668376391086257,-0.0005427440361533886,-0.04491066739111043,0.005843866153595313,-0.0010993813136715418,0.023696145710197767,-0.009298486102515558,0.009417835871020373,-0.014453525320331688,-0.02235201591510679,-0.014903245549303603,0.0003995748833877815,0.0071705717490159184,-0.008616036641515383,-0.01940045391038096,0.02013603978850373,-0.0006173747677737247,0.014381196453668144,-0.0010528081536710365,0.012270938538511725,0.6880577332494784,0.6307487409474812,-0.01149858745142006,0.04199968983865135,-0.00653466345404738,0.015202454843624208,0.6706493427729964,0.6361838119542653,-0.18842941184230494,0.10748330132790747,0.6032935056429671,-0.2743082331736719,0.5244679088744663,0.561948526398916,0.034249755712162766,0.0770750727923653,0.12617970389915398,-0.16642880322767775,-0.15490454486679708,-0.10508580608540452,0.3053873098334577,0.3418692377974739,0.4272283621448903,-0.0671849060431412,-0.05049014181863121,-0.012095945631595266,0.23254742431703046,-0.07603691085549505,-0.0701880429512214,-0.14803497664816023,0.05852389229863214,0.04434037136683794,0.04162874386555979,-0.15178241223778205,0.017323327196508538,-0.004440240053382054,0.16811525016232506,0.16062107605062445,0.1381734136849915,-0.05400990589289395,-0.15239428129450508,-0.19271613156840245,-0.21111788654905717,-0.03582602110699671,0.3692055916097612,0.030418220451335035,0.017503799641802285,-0.032849811199391565,0.09342821604582718
retire,-0.04284887170144493,-0.06656910575887613,-0.021039891951677023,0.5113347421284692,-0.09327781707149234,-0.08932152755025581,0.1737358252946339,0.016391578185363843,0.5028698823823943,0.40809593651380516,1.0,-0.42043469554975343,-0.32619528454893887,0.024189837209140665,-0.22189120424460182,-0.25978207216695637,-0.21148168145595858,0.16246163673025263,-0.001566030341360231,-0.013927189845097856,-0.018038018723706854,-0.1774082995671569,0.010288381658808455,0.001706281305932045,-0.010811105967598569,-0.003518717284588675,0.005378559366319632,0.0127413052210481,0.02688939989387321,-0.09416155391706563,0.051154987417795644,0.4141032039213931,0.3525590986278967,-0.03768788546763266,-0.17251661680012265,-0.006685615034245426,-0.24119616735621252,-0.15925770781417792,-0.013977244472066625,0.006553161913762902,0.019094842738719225,-0.020886892821800767,-0.024278226663314244,-0.003193917753391643,0.034741568242780796,0.0061680070454176285,0.0016994676927667525,0.004980426171306323,-0.008690528929082028,0.0031949785021128468,-0.03390157842902221,0.036447918058789656,0.00851631669226357,-0.005192638755993165,-0.005212625622157736,-0.014315191526364254,-0.017225578003611672,0.007429501340497206,-0.007293472785792974,0.40788714852209673,0.29313612030382696,0.03675913360978089,0.023988609868769148,0.0014677245218332764,0.02001507400569752,0.3816965172840187,0.3151905633759522,-0.11518867639872232,0.031782857252137774,0.3467488071705613,-0.15153149891902157,0.3103618088300216,0.30923776403437675,-0.08918675036596083,-0.07503624908908729,-0.05176800814804057,-0.10172451829707745,-0.09921425012997374,-0.07496227984428418,0.16064119156149834,0.18273810238407737,0.2294910909666237,-0.1302038248785586,-0.12434853882022565,-0.11192148610346306,0.1427615360850251,-0.10381727355185469,-0.11924098737887387,-0.08143631429373364,-0.0874764979326981,-0.08089789132113344,-0.08890857715776906,-0.06657784666338973,-0.1982604029004373,-0.10294454443338624,-0.14545801638402978,-0.15500812104258477,-0.16531799028450186,-0.0975584717867479,-0.08890592151346934,-0.13278886501384185,-0.15175898263448118,-0.0705643475518697,0.21370661598819043,-0.0034566075398345343,-0.019784287424269728,-0.038500199644496746,-0.2004672311561026
lninc,0.04299451599981666,0.0013105423508267449,0.001972915420741266,0.19095158648829413,0.208097899902832,0.20808457321159385,0.05485240916484224,0.008125876761163747,0.2664712701924192,0.333456239300409,-0.42043469554975343,1.0,0.9487921562845705,0.013967204571806745,0.5816014461142214,0.6644353759208091,-0.02931612268132,0.2625043628166344,0.014526775313521593,0.0468655143092188,0.060366849880239354,-0.05739774663899795,0.005229738203504933,0.01456310114977639,0.008237572087996983,0.005593432794838318,0.008859572868329009,-0.014780779854380987,-0.0006247887817671702,0.15588149647180288,-0.09283086365917126,0.20974429574814077,0.29445049630228143,0.05186204099769706,0.2036108634007263,0.05156630551718867,0.8033193796215741,0.5630828975274295,0.06215057755457369,6.829526771524741e-05,-0.02794195224346044,-0.02631152578232405,0.03737444260051716,0.011502655289070976,-0.018057062560059223,-0.003232867403531918,0.004308910646529582,-0.0006643196924126679,-0.01034203102110647,0.0014329047377823608,0.007902238821105339,-0.011675098939219846,-5.845325643779726e-05,0.003965426529406025,0.046192314426100264,0.021126597262528954,-0.0011209271694838324,-0.022545847315970834,0.011821369530360244,0.22484759209169736,0.276897948950996,-0.07931567981545809,0.0031947280032537657,-0.006280726421821624,-0.011649778443829582,0.22629095523938397,0.2514096846759641,-0.05873951380811017,0.08138789537280057,0.19442653603411272,-0.022899709619000907,0.16522504240372046,0.19937128362322085,0.16706590567289462,0.19359272973972824,0.21213292217961252,0.08260668930174953,0.09625703983635252,0.11087170430782192,0.13492672865619282,0.14994174940247693,0.1741203154183521,0.1759854482832625,0.19294462329625617,0.2076285862991015,0.1412888642314966,0.14710508850110762,0.16088365711931563,0.07662786894035134,0.17327832124388695,0.15336516780295553,0.17245972142801844,0.06252244765108594,0.22169105015738988,0.10648789773361342,0.3599187229331118,0.36437344377282005,0.33840585135364776,0.15675849986331788,0.05822598071763167,0.062120049146521444,0.05924339928990032,0.148100181215281,0.1078301741421408,-0.002061324021454778,0.060972310505343054,0.060424976432651795,0.4028576296329636
inccat,0.041849787711753496,-0.007650919811960174,-0.00214873913123114,0.24939350353975223,0.19675114615293737,0.19724994480520416,0.06755492610019755,0.013028145381767678,0.31287122586261307,0.3848032133390824,-0.32619528454893887,0.9487921562845705,1.0,0.012295302895791291,0.5515247966703424,0.6307890449009914,-0.060433675437077644,0.28322145344008565,0.00961424872668963,0.04198428771151634,0.05644756794326354,-0.08225800293652853,0.0037516700937154494,0.01203739377587055,0.0004989894126781076,0.006520428039081002,0.015052121484407634,-0.014436072102340797,-0.0027568525511580773,0.14459989696027598,-0.089934734728041,0.2619699842359271,0.3410765169087555,0.05786521324170452,0.17838357391664705,0.05425559611452609,0.8065738524067531,0.575542402161827,0.060401624100969976,0.008552070419739374,-0.030683526213630935,-0.03250312465387619,0.04331893964268364,0.009608432175222491,-0.011780460932272042,-0.010394172258467544,-0.0005469997876095689,-0.0033894038854579488,-0.01592889725832231,-0.0012231329758900502,0.01639755640408988,-0.007825389005667711,-0.00027384704464787163,0.007106064105999602,0.04862177122077855,0.0154070670647211,-0.0012048171775238688,-0.013616229378490304,0.007435232188007086,0.2676694721471071,0.30999619749037566,-0.07294789604797465,-0.001360549964956769,-0.004716883956619141,-0.013057785510617674,0.2670421492773912,0.28601655845399365,-0.07151731685759771,0.08374037545927793,0.23035612645443568,-0.04012207965798793,0.19545439191775205,0.23010256597247036,0.16015576917523594,0.1883625706314539,0.20842339755359157,0.07764129208030446,0.09142467634211263,0.10872923936741799,0.15713023917036345,0.1743091179813432,0.20234379363990565,0.16398384586517814,0.1814477110733217,0.1972154689529012,0.15735378376874068,0.1310868650611425,0.15082659774869878,0.07013580117802062,0.1677558814750379,0.14933169199642157,0.16382297982778668,0.055471341256527223,0.14232679998790063,0.06453339534823405,0.28722555068620237,0.29289103255597415,0.2595583920695699,0.14706248346682463,0.05235094507235073,0.045009718772990315,0.04654600405975633,0.13907165849913,0.134250870652288,-0.0011477084505379317,0.0626027703639178,0.05548778632118439,0.3779245439442369
debtinc,-0.005480385620319838,-0.019804545903764834,0.005308668217170174,0.04133935202606052,0.01163336663018073,0.009446864177995782,0.005491778724709536,-0.004069436774682169,0.03319217104543059,0.031172404186303716,0.024189837209140665,0.013967204571806745,0.012295302895791291,1.0,0.5469521172618005,0.6212530110009944,0.29477822059768943,0.02281311700596395,-0.0366297664522831,-0.037939574632601926,-0.03758765672539225,-0.023231313577447663,0.0037144800731800176,-0.0030100426355266063,-0.013198956411423702,0.01682373845314717,0.009180835057453911,0.01807895331332072,-0.007352559042369889,-0.00017446513436591838,0.024321876967581885,0.0276419352469125,0.03713364568614128,0.020720702368282252,0.00920724996848457,0.019569164035439634,0.01390598276331634,0.016493050625218234,-0.0019780330141599737,0.013414328308663421,-0.01814893297117827,-0.0006094142464757799,0.030006723610469077,-0.014088897261520806,-0.0035268872372419915,-0.01635915038253119,-0.01970307760182438,-0.000567524673319227,0.007999736670178293,0.02330788255950392,-0.014809490217165037,0.007910461886536336,0.012999244001356977,-0.004425830025354995,0.03141087949560082,0.006420652732740784,0.005603335666483327,0.0073057099580617155,-0.0062244783464440595,0.020282373743484787,0.024822371162515382,-0.010058388545994718,-0.0064887497860321415,-0.02119518962824091,0.009415086655538484,0.023137217416492693,0.03178946751532732,-0.004491796960190838,-0.010666373512692087,0.01899259925855999,-0.007932528889391171,0.010555840547773946,0.016969060378129838,-0.021828455608000823,-0.018738156743276897,-0.014778712180757339,-0.00653391735232613,-0.004670315079659701,-0.0011885227525452306,0.01317527316611344,0.013372732794025946,0.01875874096035972,-0.0033550626429210088,-0.0024083429993420665,0.00133485969003377,0.0373363759240432,-0.0009965044082229488,-0.0068563336054970605,-0.003861538658119326,-0.011931699204931097,0.006646739098891979,-0.006228264806623174,-0.00825095601664946,-0.0028520453855344382,-0.012902429206557969,0.0043123293388060814,0.01963409409154033,0.002758528712157096,0.0013468181559225967,0.00955295325967253,0.013959741387708037,0.008231822254885285,0.0028205706300750066,0.0050470034653489395,0.005009160933513841,0.0028968203148656674,0.020447338620519926,0.016292282842927098
lncreddebt,0.008176733662032552,-0.029348999904097398,0.005316262526259259,0.1362162621856148,0.1299518962196627,0.1279163614780826,0.030806645520653965,0.010123797228027056,0.17345881311122838,0.20905636353934376,-0.22189120424460182,0.5816014461142214,0.5515247966703424,0.5469521172618005,1.0,0.6787958712208326,0.19259646255459675,0.16274524248833833,-0.008351889289721514,0.00686110743356724,0.013755968921372208,-0.045765867850845146,0.0006547475484817541,0.002170364075815248,0.0018991166172700918,0.011697059702364477,-0.0003364042795845421,-0.0036719148028278685,-0.01278642084104293,0.08606826446103884,-0.03563686783245832,0.13617215458080578,0.18462730054799723,0.029682343217788572,0.10979926347303687,0.028965244039294336,0.4644116077640895,0.3213265063134714,0.024888792708397906,0.007598946484950906,-0.017956923921874313,-0.030876501873986526,0.0296278516398469,-0.01588889743768866,-0.023012859417108893,-0.019098940476556088,-0.005300746736989206,-0.00041134334132280183,0.004473866626415067,0.008002925693902346,-0.01621318423069172,-0.0016165198586006054,0.017506332410460654,0.002260175926326434,0.040035881509532016,0.007105759879822074,0.009026163571922373,-0.007167309300929005,0.0029784044070012114,0.14116653019114145,0.17281284762321328,-0.05336550867392482,-0.019596588066935865,-0.0018585875435863453,-0.0033186243764642296,0.14147918183369315,0.157141744836628,-0.030496047021468586,0.04156334326387379,0.11906763464665576,-0.02232237221561711,0.09703277679383576,0.11729990546334405,0.06824622344695015,0.08350058595165921,0.09553485423887599,0.04589798126977411,0.05444476927362434,0.06393784536354322,0.0852386636941072,0.08811415801946453,0.10768252795377721,0.09056857169123102,0.10009039939558174,0.10992409407272245,0.10061107849393866,0.09110701998257939,0.07976510594228453,0.04182558513098999,0.08137624071490954,0.07558372694799326,0.07581963698000548,0.025804031196933933,0.11774974743031799,0.03850326753029953,0.19806084048785372,0.20483400485943695,0.18918206354302375,0.09425055649098504,0.033209274737646254,0.042624772619850974,0.022046013143378403,0.07444505257123592,0.05732234773221651,-0.003975764452452711,0.0265503858333641,0.053023130941879944,0.24971003374895506
lnothdebt,0.03214516772805848,-0.0032958714029307887,-0.0018167548695644895,0.15837301605687404,0.1542468718458499,0.15494699095683886,0.030164528451432946,-0.0065267751626159895,0.19492781742372267,0.2389207053323221,-0.25978207216695637,0.6644353759208091,0.6307890449009914,0.6212530110009944,0.6787958712208326,1.0,0.12088620634666074,0.17964934224961604,-0.014717717162531471,0.007024110035683922,0.01491626537046912,-0.06766705651479228,0.017530766876585765,0.0057855053685290266,-0.0035789968851997903,0.016511305993564766,0.020296112530317306,0.004456984788188687,-0.0057074566075999145,0.10650665863123081,-0.0441632615703336,0.16607789066766643,0.22970223659072767,0.050114816395623804,0.13948952094654998,0.04402544134416775,0.5361280493684263,0.375886437131264,0.03238259113290899,0.009214870475398073,-0.03853603048546346,-0.018492441459087197,0.050656922027796515,0.002140796913554531,-0.011429764172021128,-0.010092116939390857,-0.010261832277483656,-0.0023953071647960645,-0.005709189365486597,0.019484337829846262,-0.007389045333065192,-0.00391822777587559,0.013068596701836221,-0.006732230686822358,0.048200088660210395,0.010761171822276783,-0.013270715761767726,-0.010201758269117015,0.0027059543645344586,0.16774984759553238,0.2031025187835301,-0.06333701762809803,0.007654969705728958,-0.015961798607387112,-0.005969686356744796,0.16899390657778987,0.191307885951161,-0.046632599573917834,0.041130583633564484,0.14299306674982012,-0.01990969702289214,0.11437475330544863,0.14428731984344942,0.0923369510825665,0.11258883088607681,0.1277864935739367,0.0480733986397391,0.058439714903984336,0.06988868830176782,0.09177992734509892,0.10259434053302983,0.12305211427643288,0.11351792014270076,0.12566209616452975,0.13769873101732996,0.11314651069506687,0.09717108079881348,0.10418410611920914,0.046572392273721855,0.10084859863464553,0.10488418465875596,0.10435686038431045,0.033619917542420164,0.14888816869453964,0.06031613097425193,0.23401811835262512,0.26033913003647613,0.2207359328791062,0.10309075414656262,0.04534681385920479,0.06134758163972059,0.042305105999730336,0.09376745946216263,0.07440892098603624,0.005732483124790234,0.04739084410839397,0.04556238007590006,0.2718870129305285
default,-0.006856350187853376,0.02398840154894148,-0.001620451957323412,-0.39285866657502644,0.11014124911604795,0.10371432949784791,-0.08602224348125799,-0.017210116796324615,-0.3270871289259349,-0.3779851412017135,-0.21148168145595858,-0.02931612268132,-0.060433675437077644,0.29477822059768943,0.19259646255459675,0.12088620634666074,1.0,-0.19792517287612454,-0.044724053177062344,-0.026903577255256578,-0.01929481548455378,0.1237079115357097,-0.013151263312159819,-0.025214866930976413,-0.02033454597694994,-0.007404920043661701,0.014783148376220849,0.028598503051790996,0.01577439929160655,-0.027638073403535465,0.013042648839923478,-0.3557942295693996,-0.3762417907324817,0.026755722776912263,0.067734398830088,0.024219739010025117,-0.014247047063517168,-0.011787960472783944,0.03195273142729278,-0.005635146974829159,-0.037459375661467884,0.03132107512511098,0.012028454924541151,-0.0033377857635261705,-0.008787062895754585,0.002475318983946035,0.005759835446433106,0.022967053160727217,0.023690141224800048,0.016091379872016146,0.0032496389088328722,-0.009848564881854895,0.019274528779732677,0.023704344837241077,0.014223640762503468,0.001064983366173378,0.009840230579245705,0.013404450607873325,-0.002716659686454621,-0.33305996420937417,-0.3293251791755292,0.009731318107233402,-0.031131264110078303,0.012549187378687559,-0.00025569840175965604,-0.3207859576685195,-0.3221003665734381,0.11295531943819725,-0.04988863158853685,-0.2959228436943971,0.15259132463269875,-0.2339216415464987,-0.2746067029725266,0.011416164589561396,-0.007901941767078383,-0.03145795577590616,0.09158948380496551,0.08714625256826462,0.05851485461374768,-0.12744996992793622,-0.14088248524873126,-0.18852600309058937,0.052447145016097985,0.04380894766742901,0.0246746440334641,-0.08872933172897964,0.058767671078930224,0.05362770308554678,0.07960126734330047,-0.0036953699369956573,-0.0007397344710773407,-0.0025885890711602804,0.09096699150614895,0.025232896463751046,0.009482012130717244,-0.07843177659479665,-0.055176814719085386,-0.051511308363306495,0.032559116923427556,0.06465175575054971,0.11330462957840862,0.11822331458562049,0.03281432842484262,-0.17728229623747632,-0.013471573616309622,-0.023882159550105527,0.010669521833105985,0.021775768206285788
